03087750050
03051518131
03016788021
03014109077
03014003176
03047988156
03048603336
03012514079
03081422430
03097921723
03003386694
03076211641
03094970625
03072069810
03018158369
03068275007
03017779404
03007173407
03017506173
03022708525
03087135331
03047952918
03044659276
03062554665
03016937377
03075435326
03026939493
03074218873
03044175099
03054313687
03070018522
03070018522
03007211525
03043537423
03033692198
03086966328
03055858119
03060737664
03077644161
03085314151
03030905044
03067842369
03049262194
03049231402
03002236844
03096394082
03035773934
03043704160
03037537772
03076753810
03063778619
03063674162
03013464966
03084230065
03061317915
03028108055
03007383621
03072407573
03036827646
03003185753
03002787336
03037006410
03038446620
03073120476
03098418579
03048309436
03076113148
03069286199
03069392869
03072435113
03088331622
03017803444
03078176741
03076415519
03067627357
03054092761
03030776211
03004168313
03033145114
03066951067
03044874942
03016919929
03083370397
03072705210
03023298375
03042408617
03083816039
03033522156
03045061193
03088880724
03033479199
03069512041
03029554755
03000957667
03009694544
03073942700
03054231669
03043401285
03041964348
03012795660
03027073489
03032132140
03019167185
03045596726
03087729577
03058897612
03036222236
03028870608
03088206652
03036647579
03004045560
03086577179
03033158263
03088739557
03056075813
03086577179
03055082834
03041614440
03008301596
03074343690
03056144293
03060654463
03057909203
03017589213
03015869179
03034973293
03095631570
03081890600
03004052688
03092373934
03070074025
03089315564
03084082838
03073780070
03018367499
03007090650
03047741485
03002701230
03069440497
03018869539
03023400461
03017984728
03096029836
03047610421
03098070780
03055475277
03078081383
03092161127
03030615452
03013676901
03062052907
03044493548
03086622349
03045275201
03084640300
03068332602
03024784535
03036249848
03026422455
03012149481
03044020331
03009365692
03095520958
03016322176
03008424114
03022404479
03047086092
03029234459
03085665492
03092536947
03018170917
03082077256
03076924392
03052389212
03004513358
03096491612
03039004159
03008337016
03076923617
03096579486
03084680721
03028138587
03033527818
03025480230
03070093922
03033297827
03005212252
03034305943
03023101702
03027187049
03052611824
03025305534
03056935432
03096209973
03067490442
03099454728
03070762103
03053384101
03082076461
03004617927
03003182995
03058368944
03029796583
03073855449
03038085014
03094823070
03002438499
03014470972
03069219458
03067321268
03039797218
03054296848
03022552466
03074768030
03039176365
03073141328
03028939404
03070632063
03016660497
03087681883
03017390936
03068394456
03043089831
03032171394
03044829307
03022858891
03046559446
03017707074
03006397656
03041826591
03049918194
03069216761
03007647494
03056028637
03024892003
03087469634
03066615551
03017155997
03049481376
03056638967
03049031505
03055293866
03051801390
03085044378
03065232053
03055728083
03023675991
03055843586
03013892393
03085121825
03013732090
03069600837
03092676915
03053759916
03078315238
03014077816
03084956503
03096351993
03045649208
03032505620
03033247711
03068065566
03086479654
03030704934
03049337373
03065857794
03096716044
03038518694
03069038715
03035296415
03065303371
03068201738
03076203414
03027724285
03068039110
03062074318
03056584800
03087637337
03044216101
03022325750
03046142948
03062669423
03007943331
03046499536
03093321629
03083520503
03076049296
03030416791
03028833252
03013590989
03023811578
03029121731
03012872810
03080438850
03044783991
03068424066
03088404293
03006098672
03024647066
03064540481
03044985395
03008099852
03088579704
03016884932
03097363730
03024409072
03041661508
03062823900
03056249512
03098178526
03088553122
03058215400
03003105910
03022788283
03014130593
03026076585
03066775072
03075092202
03022097233
03049030481
03016318932
03028766921
03002590002
03044785366
03016156241
03044040298
03004115934
03089125683
03072779913
03003089435
03017179726
03032196219
03004380554
03017675838
03060752421
03024156137
03072252412
03012571655
03043600627
03065172355
03096511100
03066807805
03097731802
03052299538
03009895173
03037378300
03086301158
03029883780
03026688039
03017877420